{
  "regions": [
    [
      -24.949142938093217,
      53.00014166312508,
      7.5288284459555115
    ],
    [
      -36.7051724137931,
      1.4431034482758633,
      -0.17241379310344485
    ],
    [
      -14.193853427895988,
      18.792750197005518,
      56.64223798266352
    ],
    [
      -38.32087114337568,
      18.58511796733211,
      42.339019963702356
    ],
    [
      -49.99341021416804,
      28.57001647446458,
      8.803953871499175
    ],
    [
      -50.927297668038406,
      14.751714677640592,
      15.31138545953361
    ],
    [
      -34.267225325884546,
      -11.51350093109869,
      49.31238361266294
    ],
    [
      -40.62723404255319,
      11.14382978723404,
      -29.702978723404257
    ],
    [
      -56.1897233201581,
      -3.652173913043484,
      -8.324110671936758
    ],
    [
      -60.64538198403649,
      -27.36374002280502,
      2.364880273660205
    ],
    [
      -57.61434977578475,
      -4.044843049327355,
      -22.3542600896861
    ],
    [
      -61.31338582677165,
      -27.285039370078735,
      -11.54330708661417
    ],
    [
      -57.842907385697536,
      -53.0715123094959,
      0.834701055099643
    ],
    [
      -48.29090909090909,
      -5.078787878787878,
      -39.35151515151515
    ],
    [
      -53.66197183098591,
      -28.607645875251507,
      -26.02012072434608
    ],
    [
      -51.9367816091954,
      -53.47701149425288,
      -16.59770114942529
    ],
    [
      -38.52756339581036,
      -27.754134509371553,
      51.863836824696804
    ],
    [
      -29.380262249827467,
      -49.552795031055894,
      57.65217391304347
    ],
    [
      -56.92811839323467,
      -32.79492600422833,
      37.295983086680764
    ],
    [
      -54.874524714828894,
      -46.20342205323193,
      33.439163498098864
    ],
    [
      -50.39029535864979,
      -55.68143459915612,
      29.9746835443038
    ],
    [
      -32.16350423899879,
      -72.87686717803794,
      38.02058942268873
    ],
    [
      -45.18003913894325,
      -75.61643835616438,
      -2.0009784735812133
    ],
    [
      -10.304278922345489,
      -74.9635499207607,
      8.101426307448492
    ],
    [
      -5.132075471698116,
      43.542452830188665,
      -18.339622641509436
    ],
    [
      -5.605015673981185,
      -2.5673981191222595,
      56.25705329153604
    ],
    [
      -5.249027237354085,
      20.661478599221795,
      -15.062256809338521
    ],
    [
      -6.486526946107787,
      36.82784431137725,
      20.880239520958085
    ],
    [
      -4.7434869739478955,
      18.056112224448896,
      24.661322645290582
    ],
    [
      -5.99211045364892,
      -37.573964497041416,
      29.802761341222876
    ],
    [
      -7.893419459023008,
      -59.95155429955591,
      37.40169559951555
    ],
    [
      -8.474103585657375,
      -80.29083665338646,
      27.2390438247012
    ],
    [
      -29.701702877275395,
      23.810921902524967,
      -16.497944803288313
    ],
    [
      -21.89115646258503,
      -9.003401360544217,
      -30.408163265306122
    ],
    [
      -21.9025641025641,
      -32.36923076923077,
      -16.98461538461538
    ],
    [
      -12.511140235910872,
      -65.35124508519004,
      -5.44429882044561
    ],
    [
      -31.753164556962027,
      -4.588607594936704,
      -42.20253164556962
    ],
    [
      -36.07560137457045,
      -29.50057273768614,
      -25.040091638029786
    ],
    [
      -33.55864197530864,
      -53.68518518518519,
      -16.05246913580247
    ],
    [
      -26.412972972972973,
      -76.6745945945946,
      -13.671351351351355
    ],
    [
      -39.613259668508285,
      18.447513812154682,
      4.541436464088392
    ],
    [
      -47.8780487804878,
      -8.331300813008127,
      11.754065040650403
    ],
    [
      -48.44444444444444,
      -31.64583333333333,
      20.38541666666667
    ],
    [
      -46.56666666666667,
      -5.916666666666671,
      -7.49444444444444
    ],
    [
      -45.26875,
      -20.21875,
      7.075000000000003
    ],
    [
      -52.5140712945591,
      -29.786116322701687,
      10.919324577861161
    ],
    [
      -16.421052631578945,
      -65.05263157894737,
      15.78947368421052
    ],
    [
      -16.98674744414994,
      -96.52858765619084,
      6.861037485800836
    ]
  ],
  "connectivity": [
    [
      1.0,
      -0.0779918647194677,
      0.5041107976936073,
      0.65473819743427,
      0.15799179165294006,
      0.3379467457822186,
      -0.3458489579264153,
      0.12132630928948199,
      -0.2656006399036101,
      0.03922343862125417,
      0.12692418314978235,
      0.3960900589572964,
      -0.019713619488072327,
      0.29417400287491485,
      -0.10020737705530958,
      -0.21845837174452049,
      -0.4493965459928964,
      -0.4543470932444472,
      -0.2933955621276623,
      0.1287550349089932,
      0.18718919155601227,
      -0.2065002480429053,
      -0.5101348681745878,
      0.0016858394710802858,
      0.34988507679427594,
      -0.10410351511368865,
      0.1322474829654028,
      0.5360326484329093,
      0.22612084711263084,
      0.24925589323443462,
      -0.1930998988596298,
      -0.40779649035211174,
      0.43090204587411746,
      0.03260920876773337,
      -0.04210885098562134,
      -0.03520347376847009,
      -0.0021769858644408906,
      -0.3586703547511365,
      -0.3846559243841501,
      -0.1186968535347901,
      0.020711503542221,
      -0.16710229156078413,
      -0.4059147698732468,
      -0.22327466318520117,
      -0.14633852495016283,
      -0.3514149460870076,
      -0.2360999488226513,
      -0.036023420854552804
    ],
    [
      -0.0779918647194677,
      1.0,
      -0.031374225552161926,
      -0.10070855279050771,
      0.14180532141332225,
      0.20556754938597657,
      0.39426869764717676,
      0.24965706068173485,
      0.20371479216941277,
      -0.06635776674651114,
      -0.1579178307195819,
      -0.3030777376285841,
      0.13462905250778773,
      -0.016117333347677083,
      -0.1594965567562267,
      -0.06488794365077623,
      0.41025570336529754,
      0.44631955579136023,
      0.6046110549517898,
      0.325012755139314,
      0.1548594363915147,
      -0.16293973811570814,
      0.10331005698801428,
      0.055309585189580984,
      -0.0449359066431399,
      0.36097167390209617,
      -0.1516627091448164,
      -0.028155893564924064,
      0.4179631727086323,
      -0.017581979339273964,
      0.029448595856891628,
      0.22726440542861037,
      0.1647031708289907,
      0.08595795094707775,
      -0.024666454715719856,
      0.03238201017644206,
      -0.08125579941062312,
      -0.03235342772424493,
      0.09279005254169238,
      -0.12522214108846555,
      0.6120604724354328,
      0.5980777446868825,
      0.5177102199189956,
      0.5761525606673799,
      0.5173211425791674,
      0.3359094488360824,
      0.20868314733963664,
      -0.1506299585618108
    ],
    [
      0.5041107976936073,
      -0.031374225552161926,
      1.0,
      0.6477307731366146,
      -0.06163296098074901,
      0.09388279047269603,
      0.08260723430470458,
      0.18937777515089818,
      0.10115748789192085,
      0.4189224071699874,
      0.2088552454840546,
      0.40214926043710886,
      0.20694897413898772,
      0.033466566899880826,
      -0.16689094423702283,
      -0.26907563336935475,
      0.028710190853735863,
      -0.09190478664297805,
      0.014471383701479091,
      0.16192972100078415,
      0.3686181067793319,
      -0.13446104236955225,
      -0.3873453411473946,
      -0.1633246797544173,
      0.47563152278854914,
      0.203234109585855,
      0.3448622134040478,
      0.6069207726740604,
      0.324908887979105,
      0.22964116891843564,
      0.028485727304625102,
      -0.1250580641952953,
      0.2745704093916072,
      -0.1676977363550741,
      -0.21865473491174936,
      -0.19205418462555793,
      -0.27407995208941566,
      -0.4315624603574203,
      -0.49246922067049625,
      -0.4214276944234876,
      -0.031382335469997684,
      0.07708622236305021,
      0.000855666584357948,
      -0.13895848376679307,
      0.00568087619664354,
      -0.005928157279091902,
      -0.1320162025619445,
      -0.39169316148665717
    ],
    [
      0.65473819743427,
      -0.10070855279050771,
      0.6477307731366146,
      1.0,
      0.18631740154308812,
      0.4063702002146751,
      -0.2583593537007011,
      0.04250360797731474,
      -0.21844668479612808,
      0.20659266793494738,
      0.10281491448292332,
      0.48454415244258403,
      0.07688099019048919,
      0.2601963699946894,
      -0.06555720205954854,
      -0.03509984373592505,
      -0.349159486821482,
      -0.31402328610016494,
      -0.16932839134910957,
      0.27212065023735355,
      0.292237784488634,
      -0.09734921622577936,
      -0.42940157527895567,
      -0.11206003497026373,
      0.31165380693835265,
      0.020160492257675387,
      0.1383791077427273,
      0.5766716930373628,
      0.22706214108121978,
      0.2354838024597028,
      -0.09038467832314839,
      -0.31999585126764685,
      0.25741489296205233,
      -0.096221386820608,
      -0.1872649595946474,
      -0.22414534822001994,
      -0.01734503030188015,
      -0.2930243660249082,
      -0.4425484840735305,
      -0.3111206668895665,
      0.019094836158070658,
      -0.23883287368931527,
      -0.2945549843134704,
      -0.17457233795912855,
      -0.09899308611055112,
      -0.24125454693969248,
      -0.26046446181712773,
      -0.22938989761671116
    ],
    [
      0.15799179165294006,
      0.14180532141332225,
      -0.06163296098074901,
      0.18631740154308812,
      1.0,
      0.7707890704707252,
      -0.061788924621610807,
      0.07047606986495757,
      -0.35308949870016243,
      -0.12091368544276948,
      -0.12722872088804832,
      -0.09456926863774931,
      -0.2307485264340152,
      0.21181092196933038,
      -0.03977226961432856,
      0.43586673992184466,
      -0.1966083808656559,
      -0.09031262569747625,
      -0.17412256761546058,
      -0.2521724718654673,
      -0.4515672490259649,
      0.11177125675113053,
      0.15979315940366912,
      -0.06376802289525496,
      -0.025731457229670292,
      0.12541872689563055,
      -0.1918439549001453,
      -0.04110677776703433,
      -0.22872908833380537,
      -0.0877326075012078,
      -0.39558359325436737,
      -0.3856108021998245,
      0.42892910769864,
      -0.0003123746682543307,
      0.18442505567282416,
      -0.06709518107602852,
      0.16541197629111698,
      0.28512149772143525,
      0.29593924693464074,
      0.23638040153684428,
      0.20806130578186505,
      -0.1800725402089411,
      -0.3187092400253598,
      -0.25752323389302895,
      -0.16785989907257412,
      -0.31507144113418595,
      -0.252855301846199,
      0.32445150397857964
    ],
    [
      0.3379467457822186,
      0.20556754938597657,
      0.09388279047269603,
      0.4063702002146751,
      0.7707890704707252,
      1.0,
      -0.08758932034114351,
      0.09950173391236225,
      -0.4059577442800282,
      -0.05085540183179027,
      -0.18357936665745894,
      -0.013745364772620903,
      -0.18678930631610843,
      0.2070823538658712,
      -0.09132661387913532,
      0.4095841156742639,
      -0.23886517545773583,
      -0.0735900879028619,
      -0.12364794693321017,
      -0.04765416604607348,
      -0.2989530790901531,
      0.0935906299917737,
      0.0683694023267409,
      0.0499820690009116,
      -0.08912778580584681,
      0.14029177639779594,
      -0.2802779121968123,
      0.0744489520142994,
      -0.1322997020075213,
      -0.007489746130618845,
      -0.32556812253157047,
      -0.36037982847833994,
      0.41701471534847634,
      0.05880042953452996,
      0.20641937355619078,
      -0.01644290480390677,
      0.15048722375786575,
      0.15756409831785245,
      0.2099264926689233,
      0.17692065150807457,
      0.2951300388315808,
      -0.10370858963577481,
      -0.2372394862163976,
      -0.14017622839293048,
      -0.026829995860775595,
      -0.22666782607452915,
      -0.1451458205900472,
      0.2202199904493478
    ],
    [
      -0.3458489579264153,
      0.39426869764717676,
      0.08260723430470458,
      -0.2583593537007011,
      -0.061788924621610807,
      -0.08758932034114351,
      1.0,
      0.12123534908659701,
      0.5555310005346854,
      0.3478248200517456,
      -0.12315689006441059,
      -0.3849679774096165,
      0.4497160215161786,
      -0.1863604383746973,
      0.17379232905871375,
      0.08794013062370458,
      0.8598255221631698,
      0.6354564275573636,
      0.6391733840509548,
      -0.02208499422727786,
      -0.06288039421388925,
      0.12920409113576076,
      0.3780650508571523,
      -0.3560948428365014,
      0.051324579083649784,
      0.6023332515281551,
      -0.03118733921598501,
      -0.15543012768238756,
      0.021161506612004014,
      -0.3436280803347906,
      0.1395993888035218,
      0.34957990949728485,
      -0.0344590659303855,
      -0.20465559906338388,
      -0.1908587104540268,
      -0.32964279779685096,
      -0.2649534729624114,
      0.034531588673267034,
      -0.003592236434403413,
      -0.32024421346605486,
      0.12006421222699368,
      0.623448362436513,
      0.5613257182959044,
      0.3328083151723072,
      0.37721942406257597,
      0.6383335350400696,
      0.11320353660187128,
      -0.4098327484316012
    ],
    [
      0.12132630928948199,
      0.24965706068173485,
      0.18937777515089818,
      0.04250360797731474,
      0.07047606986495757,
      0.09950173391236225,
      0.12123534908659701,
      1.0,
      0.3265806100535356,
      0.3647295799928144,
      0.5177246989026516,
      0.29334166271431317,
      0.2060803048741582,
      0.41887879040029263,
      -0.2125029628073294,
      -0.14131436762059219,
      0.1513938881817843,
      -0.1078909744019148,
      0.030861856877613447,
      -0.06996131380310384,
      0.025621021121088397,
      0.04196291093347921,
      -0.03461831192257646,
      -0.07649369783672767,
      0.22955343291648622,
      -0.016842957443346063,
      -0.23051199960581706,
      0.32810059503606814,
      0.09913798997288349,
      0.01640767243339796,
      -0.18755240633625161,
      -0.005020452479963744,
      0.14791339649893595,
      0.36084624243764507,
      0.1412347124295905,
      -0.011802233171190432,
      0.26889681768400925,
      -0.16981558638457528,
      -0.029985793602047166,
      -0.19922528179724214,
      -0.0911369946911813,
      0.40122353567401625,
      0.050394154070651266,
      0.11973394971546557,
      0.15989304174029775,
      0.06826982833266787,
      -0.03357863566658863,
      -0.13864968014703202
    ],
    [
      -0.2656006399036101,
      0.20371479216941277,
      0.10115748789192085,
      -0.21844668479612808,
      -0.35308949870016243,
      -0.4059577442800282,
      0.5555310005346854,
      0.3265806100535356,
      1.0,
      0.47216813254539114,
      0.33943204630901824,
      -0.03036189456606171,
      0.5146397073367626,
      -0.036297449392133294,
      0.1533715542545749,
      -0.12424697505306505,
      0.6179145906255841,
      0.2816388419720543,
      0.42552068589552366,
      0.14978824609446892,
      0.2862792881040799,
      0.13831860316790195,
      0.20922972703462894,
      -0.17836783448254967,
      0.2430190076041503,
      0.1062613066826556,
      0.10498950468309182,
      -0.023458614490974205,
      0.10318730324956593,
      -0.13446814441977614,
      0.3500087244449132,
      0.5668223686253276,
      -0.12842355018852838,
      0.011964605250577116,
      -0.197002909762577,
      -0.1164228067292796,
      -0.23922324464907357,
      -0.247919561468178,
      -0.24151146728202733,
      -0.4268969734796685,
      -0.14475232725855422,
      0.5663609110563913,
      0.3951964529825342,
      0.38080490595575633,
      0.28247289886286947,
      0.5953479712063672,
      0.2758704343244237,
      -0.4936024895809379
    ],
    [
      0.03922343862125417,
      -0.06635776674651114,
      0.4189224071699874,
      0.20659266793494738,
      -0.12091368544276948,
      -0.05085540183179027,
      0.3478248200517456,
      0.3647295799928144,
      0.47216813254539114,
      1.0,
      0.3613769616708301,
      0.3354408755618199,
      0.43316511941336655,
      -0.006288206331747102,
      0.05319526573003646,
      -0.03371421492282327,
      0.35202909996021253,
      0.09226909778217632,
      0.12421414186674269,
      0.02905549087786147,
      0.14426652025110248,
      0.24225938240454328,
      0.109630382607751,
      -0.37991061298867146,
      0.3880200142090214,
      0.107667390807289,
      0.13438584960766187,
      0.26537352618012106,
      -0.003658470569509053,
      0.06121513884160314,
      0.3035803355827954,
      0.2509421749358784,
      0.06252068145727058,
      -0.07343227037042746,
      -0.026129629261573365,
      -0.2462763032825965,
      -0.16351619699219522,
      -0.24740908918494053,
      -0.2113754001944144,
      -0.40249775963361206,
      -0.21492340359847703,
      0.39725850353988684,
      0.2328952572967427,
      0.171985594150804,
      0.20975714187766428,
      0.5058312873817049,
      -0.023877282274154563,
      -0.4015544513869833
    ],
    [
      0.12692418314978235,
      -0.1579178307195819,
      0.2088552454840546,
      0.10281491448292332,
      -0.12722872088804832,
      -0.18357936665745894,
      -0.12315689006441059,
      0.5177246989026516,
      0.33943204630901824,
      0.3613769616708301,
      1.0,
      0.5753769779702502,
      0.074817008227359,
      0.2584921679349114,
      0.045523522311138376,
      -0.20465557724091196,
      0.008239569705122093,
      -0.1873653168086953,
      -0.15258363253533377,
      -0.08251170967747468,
      0.26826623670297506,
      0.044413125396410395,
      -0.23589030463211835,
      -0.001939410353335164,
      0.4288919814157324,
      -0.34009924489513116,
      0.14423569795873417,
      0.2773541845676647,
      0.07923672162407691,
      0.3954126282789084,
      0.20576089328179392,
      0.07255786642468444,
      0.06306198452991227,
      0.284482550546734,
      0.12035038933750475,
      0.015632175084800002,
      0.1556462850457943,
      -0.2550875737698908,
      -0.3369350176100392,
      -0.33508004121790647,
      -0.40858785464555947,
      0.06975833410331347,
      -0.053269681747930474,
      -0.026133604193508055,
      -0.02726436530075557,
      0.048123209883221454,
      0.0004637344433180262,
      -0.22814075221223304
    ],
    [
      0.3960900589572964,
      -0.3030777376285841,
      0.40214926043710886,
      0.48454415244258403,
      -0.09456926863774931,
      -0.013745364772620903,
      -0.3849679774096165,
      0.29334166271431317,
      -0.03036189456606171,
      0.3354408755618199,
      0.5753769779702502,
      1.0,
      0.13241392891727435,
      0.3820367695018466,
      0.10205043075397979,
      -0.22295838667300003,
      -0.3221349249005619,
      -0.46115320820690403,
      -0.30767810660499834,
      0.05262869077731455,
      0.33036222047066827,
      -0.0811246137146446,
      -0.4496362343262883,
      -0.01477033016994688,
      0.3832400873692977,
      -0.3859789672009376,
      0.1789924319588904,
      0.42672548112122305,
      0.07681341619275775,
      0.4477576847642398,
      0.07419521323517425,
      -0.15862710044133335,
      0.04849023036311204,
      0.07566468919499801,
      -0.060492424501208605,
      -0.06544528383627234,
      0.1761247911662066,
      -0.18009716585634095,
      -0.4110359927847142,
      -0.3414402886388197,
      -0.3888891719528063,
      -0.19758437142441965,
      -0.30090331709232027,
      -0.05259835037319033,
      -0.06839888671174453,
      -0.17566960869325168,
      -0.13608810979237385,
      -0.18720629447869666
    ],
    [
      -0.019713619488072327,
      0.13462905250778773,
      0.20694897413898772,
      0.07688099019048919,
      -0.2307485264340152,
      -0.18678930631610843,
      0.4497160215161786,
      0.2060803048741582,
      0.5146397073367626,
      0.43316511941336655,
      0.074817008227359,
      0.13241392891727435,
      1.0,
      0.1326433941334624,
      0.31907889954844704,
      0.016668046313576348,
      0.4182741644396646,
      0.24222050330127365,
      0.4660346383921079,
      0.3829119152528251,
      0.322451715248401,
      0.03385766115277489,
      0.07639768894352993,
      -0.3872302745393493,
      0.11200044483059213,
      0.24047479129865826,
      0.023911160416457904,
      0.013006443078166752,
      0.08275277702478688,
      -0.2114135582440885,
      0.1364708080633943,
      0.2756045039097759,
      -0.11175843635953177,
      -0.21810603979432702,
      -0.4465181806548192,
      -0.40141947819049756,
      -0.13164388420088344,
      -0.1349936293284639,
      -0.2760838762256703,
      -0.46386035814159565,
      -0.06363920183167844,
      0.36650070623513786,
      0.20554926915581193,
      0.34270263462209527,
      0.2620202691568543,
      0.4185097082610879,
      -0.033535416184922576,
      -0.541350409785501
    ],
    [
      0.29417400287491485,
      -0.016117333347677083,
      0.033466566899880826,
      0.2601963699946894,
      0.21181092196933038,
      0.2070823538658712,
      -0.1863604383746973,
      0.41887879040029263,
      -0.036297449392133294,
      -0.006288206331747102,
      0.2584921679349114,
      0.3820367695018466,
      0.1326433941334624,
      1.0,
      0.23912574167108147,
      -0.004715750997102948,
      -0.2569049058377127,
      -0.4202787612667994,
      -0.2228001282619768,
      0.05382931145473909,
      0.06084176585827995,
      -0.0068132901673667624,
      -0.09855315658915208,
      -0.12936000431188152,
      -0.015000099899666665,
      -0.21528662698043327,
      -0.21911550500494084,
      0.1803994910032986,
      -0.07612847543505806,
      -0.008655272349192935,
      -0.26704053551498724,
      -0.20850653260205593,
      0.11379945750228458,
      0.2533111743186945,
      -0.11267638720503197,
      -0.1588886353271651,
      0.5531661196274935,
      0.021782938145330298,
      -0.10683958260317399,
      -0.14397932226707666,
      -0.13362484299716232,
      -0.11377624516402451,
      -0.40977245355509867,
      -0.019768008828683667,
      -0.09424109971175709,
      -0.222778333518264,
      -0.22580046497624254,
      -0.034238109007773014
    ],
    [
      -0.10020737705530958,
      -0.1594965567562267,
      -0.16689094423702283,
      -0.06555720205954854,
      -0.03977226961432856,
      -0.09132661387913532,
      0.17379232905871375,
      -0.2125029628073294,
      0.1533715542545749,
      0.05319526573003646,
      0.045523522311138376,
      0.10205043075397979,
      0.31907889954844704,
      0.23912574167108147,
      1.0,
      0.28547361984897185,
      0.09998454731442454,
      0.04631137671064159,
      0.07091717193578988,
      0.0003626188886251334,
      -0.0010785516757217861,
      0.03542988404340351,
      0.13537571126260273,
      -0.13561345087788867,
      -0.08124144266506465,
      0.02772262317967942,
      0.047522780339324174,
      -0.20833006263722292,
      -0.14984055534824534,
      -0.1014632503570288,
      0.14771345400666167,
      0.15697365706980831,
      -0.139196732515696,
      -0.1067647448328986,
      -0.21006557013996777,
      -0.26638524701691785,
      0.1996230906305134,
      0.3938777441814107,
      -0.07273774256537792,
      -0.1527577850863005,
      -0.11757174172843735,
      -0.09207015005289063,
      -0.09087986047015302,
      0.1497734119530677,
      0.07715692816941562,
      0.2451577051452782,
      0.031398883790137964,
      -0.17658281919296728
    ],
    [
      -0.21845837174452049,
      -0.06488794365077623,
      -0.26907563336935475,
      -0.03509984373592505,
      0.43586673992184466,
      0.4095841156742639,
      0.08794013062370458,
      -0.14131436762059219,
      -0.12424697505306505,
      -0.03371421492282327,
      -0.20465557724091196,
      -0.22295838667300003,
      0.016668046313576348,
      -0.004715750997102948,
      0.28547361984897185,
      1.0,
      -0.005130552865619898,
      0.13342327338960916,
      -0.07801613732681127,
      -0.1961232090212191,
      -0.5315886855223495,
      0.3697073776328011,
      0.4690004428502551,
      -0.16615613976823687,
      -0.24346773553422565,
      0.04609851436130203,
      -0.2663316141186104,
      -0.2852597197162076,
      -0.44550119336580646,
      -0.23141298308705305,
      -0.14037201054340973,
      -0.01918937265991908,
      -0.02090218509837262,
      0.09945825989676763,
      0.18993220928863372,
      -0.26420430362354175,
      0.21681406486768656,
      0.4854152495200395,
      0.4276472930205954,
      0.15033995398213737,
      -0.08567206238234672,
      -0.17504488679251873,
      -0.1894070096976522,
      -0.02839128047580123,
      -0.09646014804686814,
      0.027489124013001125,
      -0.10688800637598117,
      0.10314404939111124
    ],
    [
      -0.4493965459928964,
      0.41025570336529754,
      0.028710190853735863,
      -0.349159486821482,
      -0.1966083808656559,
      -0.23886517545773583,
      0.8598255221631698,
      0.1513938881817843,
      0.6179145906255841,
      0.35202909996021253,
      0.008239569705122093,
      -0.3221349249005619,
      0.4182741644396646,
      -0.2569049058377127,
      0.09998454731442454,
      -0.005130552865619898,
      1.0,
      0.6998175704052072,
      0.6778395034769013,
      0.04420685327612257,
      0.06189473252593676,
      0.04514066060366063,
      0.3050187997627605,
      -0.24625214136924473,
      0.05850498316695898,
      0.4531067948561663,
      -0.010621803613267682,
      -0.18612776463631395,
      0.09985550297910914,
      -0.20184496979334507,
      0.2606919902479579,
      0.45943939024988006,
      -0.12149916692400387,
      -0.16548270142785948,
      -0.19129904133125086,
      -0.21088482943880565,
      -0.29391914694176396,
      -0.027063342912269594,
      -0.04284230229059666,
      -0.34297327630232194,
      0.07572413087332616,
      0.6526527256220808,
      0.6606383145137901,
      0.3913587875877557,
      0.42607876430468866,
      0.6790314631263434,
      0.22633541851276648,
      -0.45032490734446184
    ],
    [
      -0.4543470932444472,
      0.44631955579136023,
      -0.09190478664297805,
      -0.31402328610016494,
      -0.09031262569747625,
      -0.0735900879028619,
      0.6354564275573636,
      -0.1078909744019148,
      0.2816388419720543,
      0.09226909778217632,
      -0.1873653168086953,
      -0.46115320820690403,
      0.24222050330127365,
      -0.4202787612667994,
      0.04631137671064159,
      0.13342327338960916,
      0.6998175704052072,
      1.0,
      0.6575946980213989,
      0.2263566655089679,
      0.09126754059334756,
      0.06308703750062353,
      0.3129046952716779,
      -0.11943657590351715,
      -0.15941345062070403,
      0.4183646203884017,
      -0.026992947577205877,
      -0.31507351897266284,
      0.11472483565488113,
      -0.08664754493486014,
      0.33691715092849267,
      0.40664420676953056,
      -0.16002826707968867,
      -0.19719586362759872,
      -0.11641357858912514,
      -0.13875241663817142,
      -0.3092431220520783,
      0.07766935221841907,
      0.12278554886484462,
      -0.0989988704399386,
      0.32482978451684297,
      0.3777273323958326,
      0.5997304370716802,
      0.37395061222237247,
      0.32147630878337047,
      0.5091265561328481,
      0.22628664680382937,
      -0.28516272161790446
    ],
    [
      -0.2933955621276623,
      0.6046110549517898,
      0.014471383701479091,
      -0.16932839134910957,
      -0.17412256761546058,
      -0.12364794693321017,
      0.6391733840509548,
      0.030861856877613447,
      0.42552068589552366,
      0.12421414186674269,
      -0.15258363253533377,
      -0.30767810660499834,
      0.4660346383921079,
      -0.2228001282619768,
      0.07091717193578988,
      -0.07801613732681127,
      0.6778395034769013,
      0.6575946980213989,
      1.0,
      0.4450369379343064,
      0.30950816775499573,
      -0.10601740984688396,
      0.10394988073626747,
      -0.13756856301907827,
      -0.05333560867410078,
      0.40671754765979273,
      -0.10514152371813523,
      -0.11965795424578471,
      0.36063916625864373,
      -0.10953116032114914,
      0.2482159941449484,
      0.36135533419150856,
      -0.18345992613119233,
      -0.2970731247590975,
      -0.3231752826433899,
      -0.1920153893785062,
      -0.2738132970362292,
      -0.03809528500473146,
      -0.10454588266608038,
      -0.3136886987924695,
      0.4546294076473388,
      0.5524056117550906,
      0.6610400887854709,
      0.4915314326901493,
      0.4154049901391193,
      0.532739782888443,
      0.20569632078571032,
      -0.4060242482228422
    ],
    [
      0.1287550349089932,
      0.325012755139314,
      0.16192972100078415,
      0.27212065023735355,
      -0.2521724718654673,
      -0.04765416604607348,
      -0.02208499422727786,
      -0.06996131380310384,
      0.14978824609446892,
      0.02905549087786147,
      -0.08251170967747468,
      0.05262869077731455,
      0.3829119152528251,
      0.05382931145473909,
      0.0003626188886251334,
      -0.1961232090212191,
      0.04420685327612257,
      0.2263566655089679,
      0.4450369379343064,
      1.0,
      0.719458582053424,
      -0.23983743809266592,
      -0.23534680866308905,
      0.07258732406480502,
      -0.06505597970161447,
      -0.0051000296863237425,
      -0.010385555655498277,
      0.11822457533563223,
      0.4990435966059059,
      0.15049103414679116,
      0.2743352149939341,
      0.2967223740791604,
      -0.09658605738109324,
      -0.11027713837214718,
      -0.3492367641935689,
      0.010924593597524984,
      -0.2550858413372669,
      -0.32516397097835625,
      -0.3137069031381579,
      -0.23554644798334434,
      0.4083595254089408,
      0.11211530069677665,
      0.18605336135878922,
      0.3805120411840278,
      0.15684839926265054,
      0.14683841027559735,
      0.17588243393269273,
      -0.31320474571947793
    ],
    [
      0.18718919155601227,
      0.1548594363915147,
      0.3686181067793319,
      0.292237784488634,
      -0.4515672490259649,
      -0.2989530790901531,
      -0.06288039421388925,
      0.025621021121088397,
      0.2862792881040799,
      0.14426652025110248,
      0.26826623670297506,
      0.33036222047066827,
      0.322451715248401,
      0.06084176585827995,
      -0.0010785516757217861,
      -0.5315886855223495,
      0.06189473252593676,
      0.09126754059334756,
      0.30950816775499573,
      0.719458582053424,
      1.0,
      -0.3356535740331406,
      -0.4749574895432222,
      0.1490868389606269,
      0.19650908908151768,
      -0.11533362822776652,
      0.22164347818007776,
      0.2771978857667725,
      0.5749164869163923,
      0.38413458244545634,
      0.4503955088486521,
      0.3009535069068622,
      -0.07558987384414173,
      -0.07124749698241101,
      -0.35869285951354546,
      0.09511572138247604,
      -0.26886584003876424,
      -0.49515093920436115,
      -0.5905112572608782,
      -0.421642841547076,
      0.1630541764686133,
      0.12812675745983837,
      0.2632613920503236,
      0.25891772566502647,
      0.1708999222454833,
      0.16349524111489724,
      0.2192610300961657,
      -0.45175280867144746
    ],
    [
      -0.2065002480429053,
      -0.16293973811570814,
      -0.13446104236955225,
      -0.09734921622577936,
      0.11177125675113053,
      0.0935906299917737,
      0.12920409113576076,
      0.04196291093347921,
      0.13831860316790195,
      0.24225938240454328,
      0.044413125396410395,
      -0.0811246137146446,
      0.03385766115277489,
      -0.0068132901673667624,
      0.03542988404340351,
      0.3697073776328011,
      0.04514066060366063,
      0.06308703750062353,
      -0.10601740984688396,
      -0.23983743809266592,
      -0.3356535740331406,
      1.0,
      0.5726879110105905,
      -0.14216545352639345,
      -0.04110477646572645,
      -0.14075542184968354,
      -0.033027947856896715,
      -0.176618721457871,
      -0.48271357526550984,
      -0.04628354081470656,
      0.22676252936017274,
      0.14942553742614814,
      -0.15533630418178507,
      0.07746242303404145,
      0.3761418038234277,
      -0.0878342189399623,
      0.10656800281660486,
      0.24189369733630184,
      0.3986310737180832,
      0.1661725226614221,
      -0.29798011860813767,
      -0.02150462685173242,
      -0.14600325195197908,
      0.017939355657017528,
      -0.13162358604973473,
      0.13470380377062213,
      0.010035582242653092,
      0.13742573222704182
    ],
    [
      -0.5101348681745878,
      0.10331005698801428,
      -0.3873453411473946,
      -0.42940157527895567,
      0.15979315940366912,
      0.0683694023267409,
      0.3780650508571523,
      -0.03461831192257646,
      0.20922972703462894,
      0.109630382607751,
      -0.23589030463211835,
      -0.4496362343262883,
      0.07639768894352993,
      -0.09855315658915208,
      0.13537571126260273,
      0.4690004428502551,
      0.3050187997627605,
      0.3129046952716779,
      0.10394988073626747,
      -0.23534680866308905,
      -0.4749574895432222,
      0.5726879110105905,
      1.0,
      -0.21739220662775083,
      -0.26389007955736127,
      0.11632623306671813,
      -0.2277613330336759,
      -0.4902985394790013,
      -0.4373629831495056,
      -0.4720211117451555,
      -0.05024449779901441,
      0.2732524289910552,
      -0.0884177790520063,
      0.0837282433392278,
      0.2585656790180987,
      -0.10226789204739845,
      0.009019297025463982,
      0.4305369824364799,
      0.662542613254683,
      0.3237554672137408,
      -0.09265835949230086,
      0.15003831316532043,
      0.07412639464579013,
      0.23073098081429175,
      0.01653113151986767,
      0.30159779941954085,
      0.037855342590793505,
      0.2409859665141272
    ],
    [
      0.0016858394710802858,
      0.055309585189580984,
      -0.1633246797544173,
      -0.11206003497026373,
      -0.06376802289525496,
      0.0499820690009116,
      -0.3560948428365014,
      -0.07649369783672767,
      -0.17836783448254967,
      -0.37991061298867146,
      -0.001939410353335164,
      -0.01477033016994688,
      -0.3872302745393493,
      -0.12936000431188152,
      -0.13561345087788867,
      -0.16615613976823687,
      -0.24625214136924473,
      -0.11943657590351715,
      -0.13756856301907827,
      0.07258732406480502,
      0.1490868389606269,
      -0.14216545352639345,
      -0.21739220662775083,
      1.0,
      -0.17203107162222642,
      -0.30194469232928556,
      0.005402318163542508,
      0.022956511573684973,
      0.24097067761628735,
      0.3478126850255968,
      0.21902174171307748,
      0.2191356303696112,
      -0.071776763613739,
      0.22559851519022736,
      0.23577052763139145,
      0.7629314884864137,
      0.0855281226095085,
      0.04045680179831396,
      0.05056540999124967,
      0.36809456406049934,
      0.12891165791256787,
      -0.11553694629283522,
      -0.0459414230353989,
      -0.07071461197063786,
      0.15986248587865118,
      -0.17073034238800136,
      0.65682986673814,
      0.27744921197602834
    ],
    [
      0.34988507679427594,
      -0.0449359066431399,
      0.47563152278854914,
      0.31165380693835265,
      -0.025731457229670292,
      -0.08912778580584681,
      0.051324579083649784,
      0.22955343291648622,
      0.2430190076041503,
      0.3880200142090214,
      0.4288919814157324,
      0.3832400873692977,
      0.11200044483059213,
      -0.015000099899666665,
      -0.08124144266506465,
      -0.24346773553422565,
      0.05850498316695898,
      -0.15941345062070403,
      -0.05333560867410078,
      -0.06505597970161447,
      0.19650908908151768,
      -0.04110477646572645,
      -0.26389007955736127,
      -0.17203107162222642,
      1.0,
      -0.03283582404884287,
      0.4970759181847886,
      0.5488255856611786,
      0.32341829114116805,
      0.32039451263601465,
      0.10225529877112594,
      -0.0687981888466338,
      0.47642158795122375,
      -0.0338978760339097,
      0.09170506217937972,
      -0.0747413436294473,
      -0.3107779442230924,
      -0.31638927268275463,
      -0.3752979921425064,
      -0.31939165752217075,
      -0.20178541551980683,
      0.13385605085088847,
      -0.054762688591620194,
      -0.1058162640776982,
      -0.028341451807693794,
      0.03130493292210504,
      -0.14391709434599564,
      -0.20729377720616776
    ],
    [
      -0.10410351511368865,
      0.36097167390209617,
      0.203234109585855,
      0.020160492257675387,
      0.12541872689563055,
      0.14029177639779594,
      0.6023332515281551,
      -0.016842957443346063,
      0.1062613066826556,
      0.107667390807289,
      -0.34009924489513116,
      -0.3859789672009376,
      0.24047479129865826,
      -0.21528662698043327,
      0.02772262317967942,
      0.04609851436130203,
      0.4531067948561663,
      0.4183646203884017,
      0.40671754765979273,
      -0.0051000296863237425,
      -0.11533362822776652,
      -0.14075542184968354,
      0.11632623306671813,
      -0.30194469232928556,
      -0.03283582404884287,
      1.0,
      -0.04726831989057975,
      0.07205122723800904,
      0.18647149861328233,
      -0.3233188770080854,
      -0.1313604329985085,
      -0.02137261713103027,
      0.06825106649101874,
      -0.16605035395426354,
      -0.20035011036794198,
      -0.3305844171929213,
      -0.23448029325383515,
      -0.0037820585936334853,
      -0.03316663268382697,
      -0.1890727567876591,
      0.4222290749328222,
      0.36916313420956853,
      0.414107248981872,
      0.05551482255907703,
      0.2947213609503471,
      0.31324400348676096,
      -0.11740118990662489,
      -0.25028671885657944
    ],
    [
      0.1322474829654028,
      -0.1516627091448164,
      0.3448622134040478,
      0.1383791077427273,
      -0.1918439549001453,
      -0.2802779121968123,
      -0.03118733921598501,
      -0.23051199960581706,
      0.10498950468309182,
      0.13438584960766187,
      0.14423569795873417,
      0.1789924319588904,
      0.023911160416457904,
      -0.21911550500494084,
      0.047522780339324174,
      -0.2663316141186104,
      -0.010621803613267682,
      -0.026992947577205877,
      -0.10514152371813523,
      -0.010385555655498277,
      0.22164347818007776,
      -0.033027947856896715,
      -0.2277613330336759,
      0.005402318163542508,
      0.4970759181847886,
      -0.04726831989057975,
      1.0,
      0.21764434274750133,
      0.2338875798871003,
      0.3205711703637118,
      0.27605406242585817,
      0.05672801420989842,
      0.215680717011981,
      -0.31007692392778746,
      -0.10882870432606119,
      0.08265264542949304,
      -0.24940184375695007,
      -0.17484511518936066,
      -0.2976827483048987,
      -0.09423429372757261,
      -0.14675471755010863,
      -0.08048828009672439,
      -0.03431985644122253,
      -0.032627405256441054,
      0.04172733411379641,
      0.014527809055277301,
      0.04548994222406285,
      -0.10166487792401091
    ],
    [
      0.5360326484329093,
      -0.028155893564924064,
      0.6069207726740604,
      0.5766716930373628,
      -0.04110677776703433,
      0.0744489520142994,
      -0.15543012768238756,
      0.32810059503606814,
      -0.023458614490974205,
      0.26537352618012106,
      0.2773541845676647,
      0.42672548112122305,
      0.013006443078166752,
      0.1803994910032986,
      -0.20833006263722292,
      -0.2852597197162076,
      -0.18612776463631395,
      -0.31507351897266284,
